# Created by Octave 7.2.0, Wed Aug 10 13:47:01 2022 EDT <keerthan@Keerthans-Air.lan>
# name: v
# type: matrix
# rows: 1
# columns: 10
 0.30245514444277227 -2.0183089871478184 -0.05936691937292532 0.72621716922082113 1.154809852596941 -1.5250945044947319 -0.1548745104863643 0.72495653694920936 0.38516844927990579 -0.53749669623393403


